プログラミングII 第11回レポート
学籍番号：37714072
氏名：鈴木貴大

課題1
提出ファイルの説明
本プログラムは、入力ファイルに記述されたグラフ情報を読み込み、グラフ構造を表示するプログラムである。
グラフは頂点（Node）と辺（Edge）によって構成されており、本プログラムでは隣接リストを用いて管理した。Edgeクラスでは接続先の頂点番号を保持し、Nodeクラスでは頂点番号とその頂点から伸びる辺のリストを管理している。
Graphクラスでは、グラフ全体を管理する。loadGraph()メソッドでは、指定されたファイルを読み込み、各頂点と隣接する頂点の情報を取得してNodeオブジェクトを生成する。また、printGraph()メソッドでは、読み込んだグラフの各頂点と接続先の頂点を表示する。
GraphTesterクラスでは、コマンドライン引数としてグラフファイルを受け取り、Graphクラスのオブジェクトを生成してグラフ情報を出力する。
また、シェルスクリプトでは複数のグラフデータに対してプログラムを実行し、出力結果と入力ファイルをdiffコマンドによって比較することで、正しくグラフを読み込めているか確認した。

プログラムの実行方法
ターミナル上のkadai123/ディレクトリでmake kadai1と入力すると実行される。

結果
sh kadai1.sh

考察
結果から元のデータと結果に差がなかったといえる。今回の課題を通して、Javaにおけるクラス設計や、配列・ArrayListを利用したデータ構造の管理方法について理解を深めることができた。また、グラフを隣接リストで表現することで、後の探索アルゴリズムへ応用できる基礎的な構造を実装することができた。

自己評価
A

課題2
提出ファイルの説明
本プログラムは、グラフに対して幅優先探索を行い、BFS木の生成および2頂点間の最短経路を求めるプログラムである。
BFSTreeクラスは、課題1で作成したGraphクラスを継承しており、読み込んだグラフ情報を利用して探索を行う。getBFSTree()メソッドでは、キューを利用した幅優先探索を実装した。探索開始頂点をrootとして設定し、各頂点を訪問した際に、その頂点へ到達する直前の頂点をparent配列に保存することでBFS木を構成した。
getShortestPath()メソッドでは、BFSによって得られた親情報を利用して最短経路を復元した。終点から親を順番にたどり、始点まで戻った後、Collections.reverse()を用いて正しい順序に並び替えることで、始点から終点までの経路を取得した。

プログラムの実行方法
ターミナル上のkadai123/ディレクトリでmake kadai2と入力すると実行される。

結果
sh kadai2.sh
BFS Tree: root = 0
0,0,1,2,5,25,26,8,298,10,316,50,32,33,15,26,207,74,19,0,306,20,386,3,23,332,46,47,8,347,361,32,399,313,361,151,167,120,6,20,18,40,102,53,252,25,1,46,47,40,70,71,32,73,345,260,76,77,323,317,80,81,82,276,292,45,81,66,257,49,319,333,271,361,73,55,96,345,269,53,81,365,116,293,53,51,383,86,229,155,70,111,27,8,93,115,116,24,118,327,120,348,82,30,245,284,12,108,128,110,273,3,221,112,126,116,136,28,300,139,345,101,142,328,11,343,45,147,96,381,247,151,93,395,253,155,0,136,137,138,160,331,302,148,143,118,166,148,3,128,151,152,299,103,135,187,253,320,221,35,318,160,252,347,302,313,379,187,148,313,47,121,152,172,80,155,175,240,177,160,200,50,237,163,386,260,187,326,168,169,167,192,212,173,392,129,216,247,242,118,220,221,374,351,312,238,226,187,315,12,211,26,399,212,215,118,219,302,157,239,2,220,221,243,276,210,246,46,229,212,25,193,252,32,233,255,243,150,258,220,260,6,82,263,264,285,398,227,247,15,270,137,251,273,7,358,255,302,278,331,319,260,263,361,358,285,286,287,269,273,342,25,271,137,273,328,277,278,298,260,281,301,283,333,283,398,306,115,308,290,270,163,347,313,295,365,112,167,299,0,319,321,321,77,305,306,326,261,46,286,330,312,313,220,25,295,336,337,338,299,321,341,342,343,227,306,1,328,348,330,331,332,299,332,316,35,152,336,136,359,347,299,341,82,345,3,326,346,326,348,349,180,385,333,345,397,211,358,338,306,340,341,342,362,16,19,365,366,316,70,390,80,392,353,211,374,287,378,379,399,15,361,383,3,385,138,346,239,389,390,18,390,383,103,294,15,397,398,18,19
Shortest Path 0 -> 200
0->1->2->220->200
BFS Tree: root = 0
0,381,28,383,24,262,5,6,396,10,259,5,11,396,269,364,396,38,38,0,0,41,250,24,396,240,25,26,48,307,29,51,12,53,54,300,11,38,39,20,20,61,79,364,335,137,364,67,68,246,49,68,51,68,53,54,76,313,59,40,0,60,42,64,84,363,311,68,39,73,43,396,71,93,16,95,6,76,79,60,104,61,296,41,242,86,60,88,68,346,196,328,37,113,114,96,11,80,289,186,80,81,101,83,105,20,86,296,88,108,87,131,186,357,113,240,68,8,98,17,100,122,301,17,123,105,106,80,148,214,62,151,264,134,59,115,116,290,137,138,159,276,180,396,48,125,279,148,134,150,398,377,151,65,355,104,155,214,178,143,97,376,182,183,184,145,186,106,169,311,150,287,332,335,57,195,93,178,145,178,21,353,58,259,185,282,185,88,93,306,189,398,191,96,114,11,216,198,7,219,263,335,203,78,310,79,307,41,56,184,101,171,232,301,215,220,377,216,302,218,240,260,353,203,204,205,299,207,101,209,29,11,231,213,235,260,313,340,237,220,19,242,262,263,264,246,105,125,268,250,354,21,251,254,106,254,276,359,398,240,240,281,0,204,379,151,267,247,106,289,250,222,392,286,269,96,379,353,298,260,260,301,262,263,58,302,36,307,145,68,310,224,323,294,345,315,84,58,11,155,301,302,282,302,305,306,350,5,307,308,380,312,105,241,313,335,296,178,298,276,321,306,298,289,311,239,127,321,10,330,310,330,312,334,354,6,335,338,358,359,360,321,351,269,101,247,258,348,368,264,40,350,330,354,61,354,376,262,61,358,380,381,342,68,363,24,171,47,205,285,371,351,371,368,303,376,377,357,41,360,0,307,279,96,385,18,231,386,8,369,329,11,12,255,395,396,360,377,399,19
Shortest Path 0 -> 200
0->380->310->204->263->200
BFS Tree: root = 0
0,169,216,23,24,234,81,63,28,226,30,214,234,352,15,395,17,25,353,18,0,41,42,24,240,24,25,28,326,97,31,58,263,43,331,15,86,36,58,59,20,42,242,44,84,46,26,48,28,212,267,31,63,219,204,50,15,77,20,79,40,60,78,338,84,66,360,66,358,89,187,38,305,72,94,397,96,78,58,60,100,61,62,84,373,86,360,195,318,109,343,71,112,88,232,94,211,98,78,358,120,133,101,104,84,106,86,108,109,241,130,112,214,93,383,95,131,41,98,139,373,351,121,122,125,171,146,128,148,109,129,151,133,24,309,42,212,138,146,299,162,105,131,163,145,146,326,148,301,150,231,171,172,133,26,327,64,126,138,139,236,368,182,183,306,61,146,166,148,170,79,241,171,25,173,183,20,15,339,345,211,182,183,285,382,186,286,188,4,209,170,125,172,194,339,340,176,217,218,122,220,100,139,183,203,187,186,216,188,165,211,231,232,214,196,195,196,216,109,218,221,241,223,243,388,226,246,247,248,230,231,346,285,352,214,234,63,217,392,220,0,240,241,242,165,71,66,4,3,304,249,271,232,252,163,275,236,63,391,279,280,301,367,243,263,245,267,133,129,289,15,306,309,272,275,139,185,257,279,260,300,301,205,284,304,58,346,307,129,62,289,206,322,272,202,315,57,380,297,319,20,300,337,304,305,285,286,30,309,60,319,310,311,314,98,183,317,337,319,380,321,301,62,230,77,326,241,326,327,323,350,388,333,353,65,221,337,338,176,319,360,321,322,83,345,365,380,346,347,348,349,241,353,23,374,314,52,194,373,339,380,341,359,130,384,360,365,366,36,182,390,351,98,40,373,395,308,17,358,359,0,382,371,394,325,203,234,132,260,186,260,11,51,220,374,60,286,17,18,379
Shortest Path 0 -> 200
0->240->241->221->220->200

考察
出力結果は正しいといえる。
今回のプログラムでは、幅優先探索を用いてグラフ探索を実装した。BFSでは、始点に近い頂点から順番に探索を行うため、重みなしグラフにおいて最短経路を求めることができる。

自己評価
A

課題3
提出ファイルの説明
本プログラムは、グラフに対して深さ優先探索を行い、DFS木の生成および2頂点間の経路探索を行うプログラムである。
DFSTreeクラスは、課題1で作成したGraphクラスを継承しており、グラフの頂点や辺の情報を利用してDFS探索を実行する。
getDFSTree()メソッドでは、再帰処理を用いた深さ優先探索を実装した。探索開始頂点をrootとして設定し、訪問した頂点をvisited配列で管理する。また、各頂点へ到達した直前の頂点をparent配列に保存することでDFS木を構成した。
getPath()メソッドでは、DFSによって得られた親情報を利用して、始点から終点までの経路を復元した。終点から親頂点を順番にたどって始点まで戻り、その後Collections.reverse()を用いて正しい順番に並び替えることで経路を取得した。

プログラムの実行方法
ターミナル上のkadai123/ディレクトリでmake kadai3と入力すると実行される。

結果
sh kadai3.sh
DFS Tree: root = 0
0,2,22,4,64,176,5,228,7,8,11,31,392,14,15,283,344,104,81,18,0,20,23,43,44,26,6,28,29,372,50,32,12,353,33,55,130,124,37,17,60,21,62,266,45,333,47,82,49,69,51,293,173,54,25,56,36,274,210,113,61,41,9,136,63,66,67,47,306,68,71,51,73,74,319,76,53,380,79,59,100,101,102,103,85,292,87,107,89,109,83,71,93,94,200,115,76,77,99,119,120,121,97,123,105,86,126,3,128,110,111,19,113,114,134,135,117,97,114,118,122,141,27,143,307,159,146,147,148,130,276,132,133,79,249,238,137,42,158,132,160,142,162,144,164,165,309,281,330,169,130,331,153,154,58,156,57,339,88,339,180,181,163,145,184,185,167,375,218,170,171,151,17,172,394,174,177,197,198,205,183,182,269,80,204,186,187,207,208,260,210,192,193,342,335,175,195,217,218,307,220,221,222,223,224,278,205,206,92,189,211,212,213,214,297,216,196,237,238,48,191,241,347,243,225,245,247,226,227,140,250,338,231,219,235,203,216,257,258,303,209,240,243,16,264,385,125,248,108,395,251,35,253,254,298,275,236,256,370,239,261,262,282,229,371,369,340,287,96,270,290,308,38,272,273,250,277,159,161,259,300,326,302,284,285,286,390,13,287,288,291,311,106,294,295,315,316,363,299,279,301,321,322,304,305,325,326,308,328,310,40,201,354,314,355,316,152,318,319,339,263,320,323,324,188,353,327,252,329,233,234,351,312,169,129,336,337,338,339,46,360,361,343,202,345,90,329,280,370,348,359,350,332,352,374,356,244,377,166,358,84,362,382,364,44,366,314,313,52,368,35,391,373,393,268,341,377,73,377,378,381,57,265,48,383,386,158,367,398,388,10,50,387,1,267,37,398,398,399,379
Path 150 -> 250
150->130->129->0->20->21->41->61->60->40->310->309->146->126->106->292->85->84->360->340->266->43->23->22->2->1->393->373->372->29->28->27->122->120->100->80->183->180->160->140->229->263->320->321->301->300->280->347->222->202->343->342->193->192->191->220->200->94->93->92->208->188->324->323->322->302->282->262->261->260->189->209->240->241->221->201->311->291->290->270->269->182->181->161->278->205->206->207->187->186->185->165->145->163->162->142->141->121->101->81->18->19->111->110->109->89->88->158->386->385->245->225->224->204->184->164->144->143->123->103->83->90->345->344->16->243->223->203->235->234->330->148->128->108->248->247->226->227->228->7->8->9->62->42->137->136->63->64->4->3->107->87->86->105->104->17->172->173->52->368->369->265->382->362->361->341->375->167->166->358->359->350->351->331->151->171->170->169->333->45->44->364->363->297->214->213->212->211->210->58->154->153->152->316->315->295->294->293->51->50->391->371->264->244->356->355->314->313->367->387->392->12->32->31->11->10->390->286->285->284->283->15->14->13->287->267->394->174->175->195->196->216->236->256->257->237->217->197->177->176->5->6->26->25->54->53->76->96->268->374->354->312->332->352->353->325->305->304->303->239->259->279->299->298->254->253->252->327->326->306->68->69->49->48->219->233->329->328->308->307->124->37->38->272->273->274->57->56->55->35->251->250
経路長: 291

DFS Tree: root = 0
0,0,1,23,5,25,7,304,247,8,86,342,107,393,13,309,354,37,398,18,21,65,2,22,44,80,27,134,29,49,50,32,12,53,54,55,16,57,138,59,60,42,256,44,370,361,352,67,136,294,51,52,97,85,238,75,36,56,141,24,312,62,47,199,316,45,86,9,118,68,71,91,73,36,73,95,395,18,98,59,100,270,83,84,227,31,11,81,87,69,175,260,112,113,74,94,76,117,118,7,120,102,122,296,103,106,126,108,128,233,90,110,16,133,115,95,143,300,291,118,140,4,121,86,3,124,125,186,127,149,131,151,112,132,133,252,379,157,158,159,160,142,162,123,249,39,166,148,380,169,170,70,317,152,174,175,277,158,178,56,161,274,394,164,165,185,28,290,196,168,190,133,173,153,301,176,180,223,393,199,200,336,183,184,207,298,187,167,189,276,240,190,191,192,195,240,197,217,199,138,201,202,89,204,15,36,46,332,209,229,188,212,213,193,213,214,58,216,219,104,221,343,390,224,225,164,17,156,220,230,231,61,252,234,235,215,237,333,223,47,241,242,54,66,287,244,247,267,352,269,311,250,253,88,253,78,30,258,113,258,280,262,263,264,265,20,6,266,248,175,271,251,273,377,41,68,358,278,279,146,281,282,302,40,283,284,287,288,203,210,244,292,293,313,295,261,43,13,373,319,320,348,228,357,305,285,208,327,328,329,33,310,314,233,154,316,354,322,319,158,321,341,323,324,325,345,306,326,327,349,111,135,331,334,219,115,356,357,358,359,82,340,144,344,364,346,347,367,368,350,351,371,353,373,355,356,357,358,319,358,48,362,363,383,365,366,147,129,369,172,390,308,373,375,373,376,377,397,37,101,360,105,381,382,305,103,230,56,356,388,10,392,236,392,395,396,130,182,378,108
Path 150 -> 250
150->170->190->240->241->242->222->221->220->228->302->282->281->280->260->91->71->70->151->131->130->396->140->120->100->80->25->5->4->121->122->102->101->379->136->48->360->380->0->1->2->22->23->3->124->125->126->106->105->381->382->383->363->362->361->45->65->21->20->265->264->263->262->261->295->294->49->29->28->166->146->279->278->277->156->227->84->83->82->340->341->321->320->300->117->97->52->51->50->30->256->42->41->274->161->160->310->290->167->187->186->127->128->108->107->12->32->31->85->53->54->74->73->72->191->192->193->173->172->369->368->367->366->365->364->344->346->345->325->324->323->322->317->152->153->393->249->144->342->11->86->123->143->116->196->168->148->147->293->292->291->271->270->81->87->88->253->252->135->331->332->207->184->183->182->162->142->141->58->216->217->197->177->223->224->225->164->163->394->374->373->353->352->46->47->62->61->60->40->283->284->285->305->304->7->6->266->267->247->8->9->67->68->69->89->202->201->200->180->176->175->269->289->288->203->204->205->185->165->145->39->59->24->44->43->296->103->104->219->334->333->313->312->26->27->134->133->132->112->16->354->355->335->115->95->75->55->129->109->233->234->235->215->326->306->208->209->189->188->210->230->229->299->298->297->13->14->15->309->329->328->327->64->316->315->314->154->174->259->258->257->237->236->392->213->318->319->158->157->118->77->57->37->378->398->397->377->250
経路長: 297

DFS Tree: root = 0
0,0,1,2,24,6,7,27,315,8,9,296,11,12,305,123,15,16,171,39,40,16,23,43,324,45,109,47,312,360,29,32,52,13,14,26,147,36,37,59,41,42,62,44,380,114,26,18,28,69,51,274,72,224,164,56,127,77,38,58,61,81,82,83,65,66,67,369,48,89,57,72,152,74,75,76,287,78,79,60,100,135,325,103,85,234,85,88,30,90,70,92,112,94,95,96,97,153,118,119,101,328,122,104,54,106,107,292,9,108,111,125,111,35,115,116,136,118,138,395,229,120,142,124,356,145,146,128,298,130,170,132,152,50,133,155,17,138,139,161,160,121,141,332,143,144,383,218,128,148,149,150,151,154,134,113,157,92,159,268,260,162,163,257,165,185,146,147,265,168,169,191,173,112,175,195,196,178,179,399,181,200,183,333,204,186,187,188,208,392,189,80,193,173,214,215,197,217,199,180,201,190,182,386,203,204,207,91,228,48,211,212,213,193,213,214,215,216,351,239,221,222,202,118,225,205,227,102,248,220,193,230,252,234,254,236,397,309,258,49,241,242,243,87,245,246,247,267,271,269,251,5,253,58,255,180,236,258,84,396,261,281,156,264,367,266,286,129,269,140,319,311,273,253,158,276,375,297,279,314,300,282,283,303,264,284,285,307,337,383,289,210,293,294,343,296,276,296,398,298,112,300,301,323,305,306,219,308,288,291,330,53,329,145,313,178,317,297,338,299,321,322,20,359,232,326,327,347,22,349,240,112,4,320,314,334,335,338,339,105,25,340,341,363,231,346,250,348,345,93,11,352,166,373,174,375,357,358,226,244,361,362,342,364,384,64,365,366,223,370,371,63,332,374,354,374,396,68,377,378,381,382,3,131,385,310,387,388,73,390,391,11,393,394,14,375,137,396,397,379
Path 150 -> 250
150->149->148->241->240->330->310->385->384->364->363->343->294->293->292->7->6->5->251->250
経路長: 19

考察
実行結果は正しいといえる。
今回のプログラムでは、深さ優先探索を用いてグラフ探索を実装した。DFSでは、ある頂点から未訪問の隣接頂点へ進み続け、探索できるところまで進んだ後に戻るという特徴がある。

自己評価
A

オプション項目
教えてもらった人
37714099　林宏起
教えた人
37714099　林宏起
